-- Extended Inputvals for SimulationParameters.
-- When a parameter is given more than once,
-- the first occurrence of the parameter in the file will be used.

name="dc.conf"

useComplexGeometry=0 <- set to 0 for driven cavity

-- Domain parameters
xLength=1.000000e+00
yLength=1.000000e+00
iMax=64
jMax=64

-- Time and Simulation parameters
tEnd=1.650000e+01
tau=5.000000e-01
deltaVec=2.000000e-01
deltaT=1.000000e-01
iterMax=100
eps=1.000000e-03
omg=1.700000e+00
alpha=9.000000e-01
beta=3.000000e-01
re=1.000000e+03

pr=3.330000e-01

-- Outside forces on the system
gx=0.000000e+00
gy=0.000000e+00

-- Initial field values
ui=0.000000e+00
vi=0.000000e+00
pi=0.000000e+00
ti=0.000000e+00

-- Karman Parameters
KarmanAngle=7.853982e-01
KarmanObjectWidth=1.953125e-01

-- do NOT edit this by hand! 
-- this is going to be parsed as information for boundary conditions when handling complex geometry
BoundaryPieces="0,2,2,0.000000e+00,1,64,64,64|1,2,2,0.000000e+00,1,1,64,1|2,2,2,0.000000e+00,1,1,1,64|3,2,2,0.000000e+00,64,1,64,64|0,2,5,0.000000e+00,1,64,64,64|1,2,5,0.000000e+00,1,1,64,1|2,2,5,0.000000e+00,1,1,1,64|3,2,5,0.000000e+00,64,1,64,64|0,1,0,5.000000e-01,1,64,63,64|1,0,0,0.000000e+00,1,1,63,1|2,0,0,0.000000e+00,1,1,1,64|3,0,0,0.000000e+00,63,1,63,64|0,1,1,0.000000e+00,1,63,64,63|1,0,1,0.000000e+00,1,1,64,1|2,0,1,0.000000e+00,1,1,1,63|3,0,1,0.000000e+00,64,1,64,63"
