-- Extended Inputvals for SimulationParameters.
-- When a parameter is given more than once,
-- the first occurrence of the parameter in the file will be used.

name="DrivenCavity.conf"

useComplexGeometry=0 <- set to 0 for driven cavity

-- Domain parameters
xLength=2.000000e+00
yLength=2.000000e+00
iMax=100
jMax=100

-- Time and Simulation parameters
tEnd=2.000000e+01
tau=5.000000e-01
deltaVec=2.000000e-01
deltaT=1.000000e-01
iterMax=500
eps=1.000000e-03
omg=1.700000e+00
alpha=9.000000e-01
re=2.000000e+03

-- Outside forces on the system
gx=0.000000e+00
gy=0.000000e+00

-- Initial field values
ui=0.000000e+00
vi=0.000000e+00
pi=0.000000e+00

-- Karman Parameters
KarmanAngle=7.853982e-01
KarmanObjectWidth=1.953125e-01

-- do NOT edit this by hand! 
-- this is going to be parsed as information for boundary conditions when handling complex geometry
BoundaryPieces="0,2,2,0.000000e+00,1,100,100,100|1,2,2,0.000000e+00,1,1,100,1|2,2,2,0.000000e+00,1,1,1,100|3,2,2,0.000000e+00,100,1,100,100|0,1,0,1.000000e+00,1,100,99,100|1,0,0,0.000000e+00,1,1,99,1|2,0,0,0.000000e+00,1,1,1,100|3,0,0,0.000000e+00,99,1,99,100|0,1,1,0.000000e+00,1,99,100,99|1,0,1,0.000000e+00,1,1,100,1|2,0,1,0.000000e+00,1,1,1,99|3,0,1,0.000000e+00,100,1,100,99"
