-- Extended Inputvals for SimulationParameters.
-- When a parameter is given more than once,
-- the first occurrence of the parameter in the file will be used.

name="drivencavity.conf"

useComplexGeometry=0 <- set to 0 for driven cavity

-- Domain parameters
xLength=1.000000e+000
yLength=1.000000e+000
iMax=64
jMax=64

-- Time and Simulation parameters
tEnd=1.650000e+001
tau=5.000000e-001
deltaVec=2.000000e-001
deltaT=1.000000e-001
iterMax=100
eps=1.000000e-003
omg=1.700000e+000
alpha=9.000000e-001
beta=3.000000e-01
re=1.000000e+003

pr=3.330000e-01

-- Outside forces on the system
gx=0.000000e+000
gy=0.000000e+000

-- Initial field values
ui=0.000000e+000
vi=0.000000e+000
pi=0.000000e+000
ti=0.000000e+00

-- Karman Parameters
KarmanAngle=7.853982e-001
KarmanObjectWidth=1.953125e-001

-- do NOT edit this by hand! 
-- this is going to be parsed as information for boundary conditions when handling complex geometry
BoundaryPieces="0,2,2,0.000000e+000,1,64,64,64|1,2,2,0.000000e+000,1,1,64,1|2,2,2,0.000000e+000,1,1,1,64|3,2,2,0.000000e+000,64,1,64,64|0,1,0,5.000000e-001,1,64,63,64|1,0,0,0.000000e+000,1,1,63,1|2,0,0,0.000000e+000,1,1,1,64|3,0,0,0.000000e+000,63,1,63,64|0,1,1,0.000000e+000,1,63,64,63|1,0,1,0.000000e+000,1,1,64,1|2,0,1,0.000000e+000,1,1,1,63|3,0,1,0.000000e+000,64,1,64,63"
