-- Extended Inputvals for SimulationParameters.
-- When a parameter is given more than once,
-- the first occurrence of the parameter in the file will be used.

name="hp.conf"

useComplexGeometry=5 <- set to 0 for driven cavity

-- Domain parameters
xLength=1.000000e+00
yLength=1.000000e+00
iMax=80
jMax=80

-- Time and Simulation parameters
tEnd=1.000000e+02
tau=5.000000e-01
deltaVec=2.000000e-01
deltaT=1.000000e-01
iterMax=100
eps=1.000000e-03
omg=1.700000e+00
alpha=9.000000e-01
beta=3.000000e-01
re=1.000000e+03

pr=3.330000e-01

-- Outside forces on the system
gx=0.000000e+00
gy=-1.000000e+00

-- Initial field values
ui=0.000000e+00
vi=0.000000e+00
pi=0.000000e+00
ti=0.000000e+00

-- Karman Parameters
KarmanAngle=7.853982e-01
KarmanObjectWidth=1.953125e-01

-- do NOT edit this by hand! 
-- this is going to be parsed as information for boundary conditions when handling complex geometry
BoundaryPieces="0,2,2,0.000000e+00,1,80,80,80|1,2,2,0.000000e+00,1,1,80,1|2,2,2,0.000000e+00,1,1,1,80|3,2,2,0.000000e+00,80,1,80,80|0,2,5,0.000000e+00,1,80,80,80|1,1,5,2.000000e+00,1,1,80,1|2,2,5,0.000000e+00,1,1,1,80|3,2,5,0.000000e+00,80,1,80,80|0,0,0,0.000000e+00,1,80,79,80|1,0,0,0.000000e+00,1,1,79,1|2,0,0,0.000000e+00,1,1,1,80|3,0,0,0.000000e+00,79,1,79,80|0,0,1,0.000000e+00,1,79,80,79|1,0,1,0.000000e+00,1,1,80,1|2,0,1,0.000000e+00,1,1,1,79|3,0,1,0.000000e+00,80,1,80,79"
